{
 "cells": [
  {
   "cell_type": "markdown",
   "metadata": {
    "slideshow": {
     "slide_type": "slide"
    }
   },
   "source": [
    "<img style=\"float: right;\" width=\"120\" src=\"../images/neueda-logo.jpeg\">\n",
    "<img style=\"float: left; margin-top: 0\" width=\"120\" src=\"../images/client-logo.png\">\n",
    "<br><br><br>"
   ]
  },
  {
   "cell_type": "markdown",
   "metadata": {},
   "source": [
    "# More Linux and Regular Expressions"
   ]
  },
  {
   "cell_type": "markdown",
   "metadata": {
    "slideshow": {
     "slide_type": "slide"
    }
   },
   "source": [
    "## Linux refresher\n",
    "To parse and process a text file we can make do with a pipeline of Linux shell commands.\n",
    "\n",
    "### `cat <filename> [<filename> ...]` \n",
    "\n",
    "ConCATenate files. Joins the files specified together in the order they are listed in the argument list. Make sure that the files you are `cat`-ing are text files or you can end up corrupting the terminal and freezing it. If this happens you'll often have no choice but to close it and open a new one.\n"
   ]
  },
  {
   "cell_type": "code",
   "execution_count": 1,
   "metadata": {
    "slideshow": {
     "slide_type": "slide"
    }
   },
   "outputs": [
    {
     "name": "stdout",
     "output_type": "stream",
     "text": [
      "European Population (1989-1995),,,,,,,\r\n",
      ",,,,,,,\r\n",
      ",01.01.89,01.01.90,01.01.91,01.01.92,01.01.93,01.01.94,01.01.95\r\n",
      "Austria,7602431,7660345,7790957,7860800,7909575,7943652,8054800\r\n",
      "Belgium,9927600,9947800,9987000,10068319,10100631,10130574,10143047\r\n",
      "Denmark,5129800,5135400,5146500,5162100,5180614,5191000,5251027\r\n",
      "Finland,4954359,4974383,4998478,5029300,5054982,5098754,5116800\r\n",
      "France,56269800,56577000,56893000,57217500,57529577,57847000,58265400\r\n",
      "Germany,61715000,62678000,79753000,80238000,81338000,81353000,81845000\r\n",
      "Iceland,253500,255708,259577,262193,264922,266783,267806\r\n",
      "Ireland,3526600,3505500,3519000,3542000,3559985,3570700,3591200\r\n",
      "Italy,57504700,57576400,57746200,57788200,57114161,57201800,57268578\r\n",
      "Luxemburg,374900,379300,384400,389800,395200,400000,412800\r\n",
      "Netherland,14805240,14892574,15010445,15129200,15354000,15341553,15492800\r\n",
      "Norway,4226901,4241473,4261930,4273634,4324577,4348410,4370000\r\n",
      "Portugal,10304700,9878200,9858500,9846000,9987500,9776000,9920800\r\n",
      "Spain,38851900,38924500,38993800,39055900,39790955,39177400,39241900\r\n",
      "Sweden,8458890,8527040,8590630,8644100,8700000,8749000,8837000\r\n",
      "Switzerland,6619973,6673850,6750693,6831900,6871500,7021200,7060400\r\n",
      "United Kingdom,57236200,57410600,57649200,58888800,58191230,58380000,58684000\r\n",
      ",,,,,,,\r\n",
      "Total Europe,325665440,326962674,345061045,347604719,348887853,348540020,372599752\r\n",
      ",,,,,,,\r\n",
      "\"Sources: Eurostat, national agencies\",,,,,,,\r\n"
     ]
    }
   ],
   "source": [
    "%%bash\n",
    "cat ../data/eurpop.csv"
   ]
  },
  {
   "cell_type": "markdown",
   "metadata": {
    "slideshow": {
     "slide_type": "slide"
    }
   },
   "source": [
    "### `less <filename>` and `more <filename>`\n",
    "`less` and `more` are both used to page through output. Less is generally preferred as it allows you to page back as well as forward, `more` is worth remembering because unlike `less` it will always be present on any Unix-like system.\n",
    "\n",
    "When the `--More--` prompt is displayed a command can be entered, common commands are show in the table.\n",
    "\n",
    "| Keyboard Command|Action|\n",
    "| :-: | :- |\n",
    "| Space bar|Moves forward one screen|\n",
    "| Return|Scrolls one line at a time|\n",
    "| b|Moves back one screen|\n",
    "| h|Displays a help menu of features|\n",
    "| /string_or_regex|Searches forward for `string_or_regex` pattern|\n",
    "| n|Finds the next occurrence of pattern|\n",
    "| q|Quits and returns to the shell prompt|"
   ]
  },
  {
   "cell_type": "markdown",
   "metadata": {
    "slideshow": {
     "slide_type": "slide"
    }
   },
   "source": [
    "### `head -n <filename>`\n",
    "The `head` command showns the first `n` lines of the file `<filename>` by default `n` is `10`"
   ]
  },
  {
   "cell_type": "code",
   "execution_count": 2,
   "metadata": {
    "slideshow": {
     "slide_type": "fragment"
    }
   },
   "outputs": [
    {
     "name": "stdout",
     "output_type": "stream",
     "text": [
      "European Population (1989-1995),,,,,,,\r\n",
      ",,,,,,,\r\n",
      ",01.01.89,01.01.90,01.01.91,01.01.92,01.01.93,01.01.94,01.01.95\r\n",
      "Austria,7602431,7660345,7790957,7860800,7909575,7943652,8054800\r\n",
      "Belgium,9927600,9947800,9987000,10068319,10100631,10130574,10143047\r\n"
     ]
    }
   ],
   "source": [
    "%%bash\n",
    "head -5 ../data/eurpop.csv"
   ]
  },
  {
   "cell_type": "markdown",
   "metadata": {
    "slideshow": {
     "slide_type": "slide"
    }
   },
   "source": [
    "### `tail -n <filename>`\n",
    "The `tail` command showns the last `n` lines of the file <filename>. By default `n` is `10`\n",
    "\n",
    "In addition, `tail` can be told to offset form the start of the file. Note that the `+n` argument means \"starting from `n`\" thus `+1` starts at the top of the file.\n",
    "\n",
    "`tail -n +2 <filename>` will show all of the file except the first line. Very useful for removing the first line of headers from a csv file. \n",
    "Some versions of tail will allow you to use `tail +2 <filename>` but not all will."
   ]
  },
  {
   "cell_type": "code",
   "execution_count": 3,
   "metadata": {
    "slideshow": {
     "slide_type": "fragment"
    }
   },
   "outputs": [
    {
     "name": "stdout",
     "output_type": "stream",
     "text": [
      "Austria,7602431,7660345,7790957,7860800,7909575,7943652,8054800\r\n",
      "Belgium,9927600,9947800,9987000,10068319,10100631,10130574,10143047\r\n",
      "Denmark,5129800,5135400,5146500,5162100,5180614,5191000,5251027\r\n",
      "Finland,4954359,4974383,4998478,5029300,5054982,5098754,5116800\r\n",
      "France,56269800,56577000,56893000,57217500,57529577,57847000,58265400\r\n",
      "Germany,61715000,62678000,79753000,80238000,81338000,81353000,81845000\r\n",
      "Iceland,253500,255708,259577,262193,264922,266783,267806\r\n",
      "Ireland,3526600,3505500,3519000,3542000,3559985,3570700,3591200\r\n",
      "Italy,57504700,57576400,57746200,57788200,57114161,57201800,57268578\r\n",
      "Luxemburg,374900,379300,384400,389800,395200,400000,412800\r\n",
      "Netherland,14805240,14892574,15010445,15129200,15354000,15341553,15492800\r\n",
      "Norway,4226901,4241473,4261930,4273634,4324577,4348410,4370000\r\n",
      "Portugal,10304700,9878200,9858500,9846000,9987500,9776000,9920800\r\n",
      "Spain,38851900,38924500,38993800,39055900,39790955,39177400,39241900\r\n",
      "Sweden,8458890,8527040,8590630,8644100,8700000,8749000,8837000\r\n",
      "Switzerland,6619973,6673850,6750693,6831900,6871500,7021200,7060400\r\n",
      "United Kingdom,57236200,57410600,57649200,58888800,58191230,58380000,58684000\r\n",
      ",,,,,,,\r\n",
      "Total Europe,325665440,326962674,345061045,347604719,348887853,348540020,372599752\r\n",
      ",,,,,,,\r\n",
      "\"Sources: Eurostat, national agencies\",,,,,,,\r\n"
     ]
    }
   ],
   "source": [
    "%%bash\n",
    "tail -n +4 ../data/eurpop.csv"
   ]
  },
  {
   "cell_type": "code",
   "execution_count": 4,
   "metadata": {
    "slideshow": {
     "slide_type": "slide"
    }
   },
   "outputs": [
    {
     "name": "stdout",
     "output_type": "stream",
     "text": [
      "Austria,7602431,7660345,7790957,7860800,7909575,7943652,8054800\r\n",
      "Belgium,9927600,9947800,9987000,10068319,10100631,10130574,10143047\r\n",
      "Denmark,5129800,5135400,5146500,5162100,5180614,5191000,5251027\r\n",
      "Finland,4954359,4974383,4998478,5029300,5054982,5098754,5116800\r\n",
      "France,56269800,56577000,56893000,57217500,57529577,57847000,58265400\r\n",
      "Germany,61715000,62678000,79753000,80238000,81338000,81353000,81845000\r\n",
      "Iceland,253500,255708,259577,262193,264922,266783,267806\r\n",
      "Ireland,3526600,3505500,3519000,3542000,3559985,3570700,3591200\r\n",
      "Italy,57504700,57576400,57746200,57788200,57114161,57201800,57268578\r\n",
      "Luxemburg,374900,379300,384400,389800,395200,400000,412800\r\n",
      "Netherland,14805240,14892574,15010445,15129200,15354000,15341553,15492800\r\n",
      "Norway,4226901,4241473,4261930,4273634,4324577,4348410,4370000\r\n",
      "Portugal,10304700,9878200,9858500,9846000,9987500,9776000,9920800\r\n",
      "Spain,38851900,38924500,38993800,39055900,39790955,39177400,39241900\r\n",
      "Sweden,8458890,8527040,8590630,8644100,8700000,8749000,8837000\r\n",
      "Switzerland,6619973,6673850,6750693,6831900,6871500,7021200,7060400\r\n",
      "United Kingdom,57236200,57410600,57649200,58888800,58191230,58380000,58684000\r\n",
      ",,,,,,,\r\n",
      "Total Europe,325665440,326962674,345061045,347604719,348887853,348540020,372599752\r\n",
      ",,,,,,,\r\n",
      "\"Sources: Eurostat, national agencies\",,,,,,,\r\n"
     ]
    }
   ],
   "source": [
    "%%bash \n",
    "tail -n +4 ../data/eurpop.csv"
   ]
  },
  {
   "cell_type": "markdown",
   "metadata": {
    "slideshow": {
     "slide_type": "slide"
    }
   },
   "source": [
    "### `wc -[lwcm] <filename>`\n",
    "The `wc` or word count command counts the number of words in the specified file.\n",
    "\n",
    "The arguments are used to count different things\n",
    "\n",
    "| Symbol|Description |\n",
    "| :-: | :- |\n",
    "| -l | Line count |\n",
    "| -w | Word count |\n",
    "| -c | Byte count | \n",
    "| -m | Character count |"
   ]
  },
  {
   "cell_type": "code",
   "execution_count": 5,
   "metadata": {
    "slideshow": {
     "slide_type": "fragment"
    }
   },
   "outputs": [
    {
     "name": "stdout",
     "output_type": "stream",
     "text": [
      "24 ../data/eurpop.csv\n"
     ]
    }
   ],
   "source": [
    "%%bash\n",
    "wc -l ../data/eurpop.csv"
   ]
  },
  {
   "cell_type": "code",
   "execution_count": 6,
   "metadata": {
    "slideshow": {
     "slide_type": "fragment"
    }
   },
   "outputs": [
    {
     "name": "stdout",
     "output_type": "stream",
     "text": [
      "1411 ../data/eurpop.csv\n"
     ]
    }
   ],
   "source": [
    "%%bash\n",
    "wc -c ../data/eurpop.csv"
   ]
  },
  {
   "cell_type": "markdown",
   "metadata": {
    "slideshow": {
     "slide_type": "slide"
    }
   },
   "source": [
    "### `sort [options] <filename>`\n",
    "As the name suggests, `sort` will rearrange the order of the lines based on a key. By default, and in the most common usage it simply sorts line by line in strict ASCII sort order.\n",
    "\n",
    "The `sort` command can take a number of arguments. The most common are `r` and `n` for `reverse` and `numeric` ordering. A common subset of the arguments is shown in the table. Use `sort --help` or `man sort` for full details, of course.\n",
    "\n",
    "| argument | Action |\n",
    "| :-: | :- |\n",
    "| -r | Sorts in reverse order (z to a, instead of a to z)\n",
    "| -n | Sorts the fields numerically, instead of as just American Standard Code for Information Interchange (ASCII) strings\n",
    "| -t [ch] | Sets the field separator character\n",
    "| + num | Sets the field number from which to begin sorting (fields are numbered from 0 [zero])\n",
    "| – num | Sets the field number to stop sorting before (this is the first field that is not considered for sorting)"
   ]
  },
  {
   "cell_type": "markdown",
   "metadata": {
    "slideshow": {
     "slide_type": "slide"
    }
   },
   "source": [
    "### Sorting the `eurpop.csv` file"
   ]
  },
  {
   "cell_type": "code",
   "execution_count": 7,
   "metadata": {
    "slideshow": {
     "slide_type": "fragment"
    }
   },
   "outputs": [
    {
     "name": "stdout",
     "output_type": "stream",
     "text": [
      "\"Sources: Eurostat, national agencies\",,,,,,,\r\n",
      ",,,,,,,\r\n",
      ",,,,,,,\r\n",
      ",,,,,,,\r\n",
      ",01.01.89,01.01.90,01.01.91,01.01.92,01.01.93,01.01.94,01.01.95\r\n",
      "Austria,7602431,7660345,7790957,7860800,7909575,7943652,8054800\r\n",
      "Belgium,9927600,9947800,9987000,10068319,10100631,10130574,10143047\r\n",
      "Denmark,5129800,5135400,5146500,5162100,5180614,5191000,5251027\r\n",
      "European Population (1989-1995),,,,,,,\r\n",
      "Finland,4954359,4974383,4998478,5029300,5054982,5098754,5116800\r\n",
      "France,56269800,56577000,56893000,57217500,57529577,57847000,58265400\r\n",
      "Germany,61715000,62678000,79753000,80238000,81338000,81353000,81845000\r\n",
      "Iceland,253500,255708,259577,262193,264922,266783,267806\r\n",
      "Ireland,3526600,3505500,3519000,3542000,3559985,3570700,3591200\r\n",
      "Italy,57504700,57576400,57746200,57788200,57114161,57201800,57268578\r\n",
      "Luxemburg,374900,379300,384400,389800,395200,400000,412800\r\n",
      "Netherland,14805240,14892574,15010445,15129200,15354000,15341553,15492800\r\n",
      "Norway,4226901,4241473,4261930,4273634,4324577,4348410,4370000\r\n",
      "Portugal,10304700,9878200,9858500,9846000,9987500,9776000,9920800\r\n",
      "Spain,38851900,38924500,38993800,39055900,39790955,39177400,39241900\r\n",
      "Sweden,8458890,8527040,8590630,8644100,8700000,8749000,8837000\r\n",
      "Switzerland,6619973,6673850,6750693,6831900,6871500,7021200,7060400\r\n",
      "Total Europe,325665440,326962674,345061045,347604719,348887853,348540020,372599752\r\n",
      "United Kingdom,57236200,57410600,57649200,58888800,58191230,58380000,58684000\r\n"
     ]
    }
   ],
   "source": [
    "%%bash\n",
    "sort ../data/eurpop.csv"
   ]
  },
  {
   "cell_type": "markdown",
   "metadata": {
    "slideshow": {
     "slide_type": "slide"
    }
   },
   "source": [
    "We can sort in reverse using `-r`"
   ]
  },
  {
   "cell_type": "code",
   "execution_count": 8,
   "metadata": {
    "slideshow": {
     "slide_type": "fragment"
    }
   },
   "outputs": [
    {
     "name": "stdout",
     "output_type": "stream",
     "text": [
      "United Kingdom,57236200,57410600,57649200,58888800,58191230,58380000,58684000\r\n",
      "Total Europe,325665440,326962674,345061045,347604719,348887853,348540020,372599752\r\n",
      "Switzerland,6619973,6673850,6750693,6831900,6871500,7021200,7060400\r\n",
      "Sweden,8458890,8527040,8590630,8644100,8700000,8749000,8837000\r\n",
      "Spain,38851900,38924500,38993800,39055900,39790955,39177400,39241900\r\n",
      "Portugal,10304700,9878200,9858500,9846000,9987500,9776000,9920800\r\n",
      "Norway,4226901,4241473,4261930,4273634,4324577,4348410,4370000\r\n",
      "Netherland,14805240,14892574,15010445,15129200,15354000,15341553,15492800\r\n",
      "Luxemburg,374900,379300,384400,389800,395200,400000,412800\r\n",
      "Italy,57504700,57576400,57746200,57788200,57114161,57201800,57268578\r\n",
      "Ireland,3526600,3505500,3519000,3542000,3559985,3570700,3591200\r\n",
      "Iceland,253500,255708,259577,262193,264922,266783,267806\r\n",
      "Germany,61715000,62678000,79753000,80238000,81338000,81353000,81845000\r\n",
      "France,56269800,56577000,56893000,57217500,57529577,57847000,58265400\r\n",
      "Finland,4954359,4974383,4998478,5029300,5054982,5098754,5116800\r\n",
      "European Population (1989-1995),,,,,,,\r\n",
      "Denmark,5129800,5135400,5146500,5162100,5180614,5191000,5251027\r\n",
      "Belgium,9927600,9947800,9987000,10068319,10100631,10130574,10143047\r\n",
      "Austria,7602431,7660345,7790957,7860800,7909575,7943652,8054800\r\n",
      ",01.01.89,01.01.90,01.01.91,01.01.92,01.01.93,01.01.94,01.01.95\r\n",
      ",,,,,,,\r\n",
      ",,,,,,,\r\n",
      ",,,,,,,\r\n",
      "\"Sources: Eurostat, national agencies\",,,,,,,\r\n"
     ]
    }
   ],
   "source": [
    "%%bash\n",
    "sort -r ../data/eurpop.csv"
   ]
  },
  {
   "cell_type": "markdown",
   "metadata": {
    "slideshow": {
     "slide_type": "slide"
    }
   },
   "source": [
    "### A more complex sort\n",
    "Let's try sorting the `eurpop` data by the 1989 population.\n",
    "We need the separator `,` and the column/field number."
   ]
  },
  {
   "cell_type": "code",
   "execution_count": 9,
   "metadata": {
    "slideshow": {
     "slide_type": "fragment"
    }
   },
   "outputs": [
    {
     "name": "stdout",
     "output_type": "stream",
     "text": [
      ",,,,,,,\r\n",
      ",,,,,,,\r\n",
      ",,,,,,,\r\n",
      "European Population (1989-1995),,,,,,,\r\n",
      "\"Sources: Eurostat, national agencies\",,,,,,,\r\n",
      ",01.01.89,01.01.90,01.01.91,01.01.92,01.01.93,01.01.94,01.01.95\r\n",
      "Portugal,10304700,9878200,9858500,9846000,9987500,9776000,9920800\r\n",
      "Netherland,14805240,14892574,15010445,15129200,15354000,15341553,15492800\r\n",
      "Iceland,253500,255708,259577,262193,264922,266783,267806\r\n",
      "Total Europe,325665440,326962674,345061045,347604719,348887853,348540020,372599752\r\n",
      "Ireland,3526600,3505500,3519000,3542000,3559985,3570700,3591200\r\n",
      "Luxemburg,374900,379300,384400,389800,395200,400000,412800\r\n",
      "Spain,38851900,38924500,38993800,39055900,39790955,39177400,39241900\r\n",
      "Norway,4226901,4241473,4261930,4273634,4324577,4348410,4370000\r\n",
      "Finland,4954359,4974383,4998478,5029300,5054982,5098754,5116800\r\n",
      "Denmark,5129800,5135400,5146500,5162100,5180614,5191000,5251027\r\n",
      "France,56269800,56577000,56893000,57217500,57529577,57847000,58265400\r\n",
      "United Kingdom,57236200,57410600,57649200,58888800,58191230,58380000,58684000\r\n",
      "Italy,57504700,57576400,57746200,57788200,57114161,57201800,57268578\r\n",
      "Germany,61715000,62678000,79753000,80238000,81338000,81353000,81845000\r\n",
      "Switzerland,6619973,6673850,6750693,6831900,6871500,7021200,7060400\r\n",
      "Austria,7602431,7660345,7790957,7860800,7909575,7943652,8054800\r\n",
      "Sweden,8458890,8527040,8590630,8644100,8700000,8749000,8837000\r\n",
      "Belgium,9927600,9947800,9987000,10068319,10100631,10130574,10143047\r\n"
     ]
    }
   ],
   "source": [
    "%%bash\n",
    "sort -t, +1 -2 ../data/eurpop.csv"
   ]
  },
  {
   "cell_type": "markdown",
   "metadata": {
    "slideshow": {
     "slide_type": "fragment"
    }
   },
   "source": [
    "Is this the result we expected?\n",
    "What's happening?"
   ]
  },
  {
   "cell_type": "markdown",
   "metadata": {
    "slideshow": {
     "slide_type": "slide"
    }
   },
   "source": [
    "### Use `-n` to sort numerically."
   ]
  },
  {
   "cell_type": "code",
   "execution_count": 10,
   "metadata": {
    "slideshow": {
     "slide_type": "fragment"
    }
   },
   "outputs": [
    {
     "name": "stdout",
     "output_type": "stream",
     "text": [
      "\"Sources: Eurostat, national agencies\",,,,,,,\r\n",
      ",,,,,,,\r\n",
      ",,,,,,,\r\n",
      ",,,,,,,\r\n",
      "European Population (1989-1995),,,,,,,\r\n",
      ",01.01.89,01.01.90,01.01.91,01.01.92,01.01.93,01.01.94,01.01.95\r\n",
      "Iceland,253500,255708,259577,262193,264922,266783,267806\r\n",
      "Luxemburg,374900,379300,384400,389800,395200,400000,412800\r\n",
      "Ireland,3526600,3505500,3519000,3542000,3559985,3570700,3591200\r\n",
      "Norway,4226901,4241473,4261930,4273634,4324577,4348410,4370000\r\n",
      "Finland,4954359,4974383,4998478,5029300,5054982,5098754,5116800\r\n",
      "Denmark,5129800,5135400,5146500,5162100,5180614,5191000,5251027\r\n",
      "Switzerland,6619973,6673850,6750693,6831900,6871500,7021200,7060400\r\n",
      "Austria,7602431,7660345,7790957,7860800,7909575,7943652,8054800\r\n",
      "Sweden,8458890,8527040,8590630,8644100,8700000,8749000,8837000\r\n",
      "Belgium,9927600,9947800,9987000,10068319,10100631,10130574,10143047\r\n",
      "Portugal,10304700,9878200,9858500,9846000,9987500,9776000,9920800\r\n",
      "Netherland,14805240,14892574,15010445,15129200,15354000,15341553,15492800\r\n",
      "Spain,38851900,38924500,38993800,39055900,39790955,39177400,39241900\r\n",
      "France,56269800,56577000,56893000,57217500,57529577,57847000,58265400\r\n",
      "United Kingdom,57236200,57410600,57649200,58888800,58191230,58380000,58684000\r\n",
      "Italy,57504700,57576400,57746200,57788200,57114161,57201800,57268578\r\n",
      "Germany,61715000,62678000,79753000,80238000,81338000,81353000,81845000\r\n",
      "Total Europe,325665440,326962674,345061045,347604719,348887853,348540020,372599752\r\n"
     ]
    }
   ],
   "source": [
    "%%bash\n",
    "sort -n -t, +1 -2 ../data/eurpop.csv"
   ]
  },
  {
   "cell_type": "code",
   "execution_count": 11,
   "metadata": {
    "slideshow": {
     "slide_type": "slide"
    }
   },
   "outputs": [
    {
     "name": "stdout",
     "output_type": "stream",
     "text": [
      "Total Europe,325665440,326962674,345061045,347604719,348887853,348540020,372599752\r\n",
      "Germany,61715000,62678000,79753000,80238000,81338000,81353000,81845000\r\n",
      "Italy,57504700,57576400,57746200,57788200,57114161,57201800,57268578\r\n",
      "United Kingdom,57236200,57410600,57649200,58888800,58191230,58380000,58684000\r\n",
      "France,56269800,56577000,56893000,57217500,57529577,57847000,58265400\r\n",
      "Spain,38851900,38924500,38993800,39055900,39790955,39177400,39241900\r\n",
      "Netherland,14805240,14892574,15010445,15129200,15354000,15341553,15492800\r\n",
      "Portugal,10304700,9878200,9858500,9846000,9987500,9776000,9920800\r\n",
      "Belgium,9927600,9947800,9987000,10068319,10100631,10130574,10143047\r\n",
      "Sweden,8458890,8527040,8590630,8644100,8700000,8749000,8837000\r\n",
      "Austria,7602431,7660345,7790957,7860800,7909575,7943652,8054800\r\n",
      "Switzerland,6619973,6673850,6750693,6831900,6871500,7021200,7060400\r\n",
      "Denmark,5129800,5135400,5146500,5162100,5180614,5191000,5251027\r\n",
      "Finland,4954359,4974383,4998478,5029300,5054982,5098754,5116800\r\n",
      "Norway,4226901,4241473,4261930,4273634,4324577,4348410,4370000\r\n",
      "Ireland,3526600,3505500,3519000,3542000,3559985,3570700,3591200\r\n",
      "Luxemburg,374900,379300,384400,389800,395200,400000,412800\r\n",
      "Iceland,253500,255708,259577,262193,264922,266783,267806\r\n",
      ",01.01.89,01.01.90,01.01.91,01.01.92,01.01.93,01.01.94,01.01.95\r\n",
      "European Population (1989-1995),,,,,,,\r\n",
      ",,,,,,,\r\n",
      ",,,,,,,\r\n",
      ",,,,,,,\r\n",
      "\"Sources: Eurostat, national agencies\",,,,,,,\r\n"
     ]
    }
   ],
   "source": [
    "%%bash\n",
    "sort -n -r -t, +1 -2 ../data/eurpop.csv"
   ]
  },
  {
   "cell_type": "markdown",
   "metadata": {
    "slideshow": {
     "slide_type": "slide"
    }
   },
   "source": [
    "### `uniq -[options] <filename>`\n",
    "Often overlooked, the `uniq` command can be a very useful tool when quickly hacking together a set of statistics.\n",
    "The `uniq` command itself seems rather odd, when run on a text file it removes duplicate lines that are adjacent to one another.\n",
    "\n",
    "Consider the output from the previous command and the three identical rows of commas"
   ]
  },
  {
   "cell_type": "code",
   "execution_count": 12,
   "metadata": {
    "slideshow": {
     "slide_type": "fragment"
    }
   },
   "outputs": [
    {
     "name": "stdout",
     "output_type": "stream",
     "text": [
      "Total Europe,325665440,326962674,345061045,347604719,348887853,348540020,372599752\r\n",
      "Germany,61715000,62678000,79753000,80238000,81338000,81353000,81845000\r\n",
      "Italy,57504700,57576400,57746200,57788200,57114161,57201800,57268578\r\n",
      "United Kingdom,57236200,57410600,57649200,58888800,58191230,58380000,58684000\r\n",
      "France,56269800,56577000,56893000,57217500,57529577,57847000,58265400\r\n",
      "Spain,38851900,38924500,38993800,39055900,39790955,39177400,39241900\r\n",
      "Netherland,14805240,14892574,15010445,15129200,15354000,15341553,15492800\r\n",
      "Portugal,10304700,9878200,9858500,9846000,9987500,9776000,9920800\r\n",
      "Belgium,9927600,9947800,9987000,10068319,10100631,10130574,10143047\r\n",
      "Sweden,8458890,8527040,8590630,8644100,8700000,8749000,8837000\r\n",
      "Austria,7602431,7660345,7790957,7860800,7909575,7943652,8054800\r\n",
      "Switzerland,6619973,6673850,6750693,6831900,6871500,7021200,7060400\r\n",
      "Denmark,5129800,5135400,5146500,5162100,5180614,5191000,5251027\r\n",
      "Finland,4954359,4974383,4998478,5029300,5054982,5098754,5116800\r\n",
      "Norway,4226901,4241473,4261930,4273634,4324577,4348410,4370000\r\n",
      "Ireland,3526600,3505500,3519000,3542000,3559985,3570700,3591200\r\n",
      "Luxemburg,374900,379300,384400,389800,395200,400000,412800\r\n",
      "Iceland,253500,255708,259577,262193,264922,266783,267806\r\n",
      ",01.01.89,01.01.90,01.01.91,01.01.92,01.01.93,01.01.94,01.01.95\r\n",
      "European Population (1989-1995),,,,,,,\r\n",
      ",,,,,,,\r\n",
      "\"Sources: Eurostat, national agencies\",,,,,,,\r\n"
     ]
    }
   ],
   "source": [
    "%%bash\n",
    "sort -n -r -t, +1 -2 ../data/eurpop.csv | uniq"
   ]
  },
  {
   "cell_type": "markdown",
   "metadata": {
    "slideshow": {
     "slide_type": "slide"
    }
   },
   "source": [
    "Effective, but not very impressive. The `uniq` command comes into its own when used with the `-c` optionwhich coutns the number of occurences of each line it has made unique. This gives us the basis of a frequency chart. \n",
    "### `uniq -c <filename>`"
   ]
  },
  {
   "cell_type": "code",
   "execution_count": 13,
   "metadata": {
    "slideshow": {
     "slide_type": "fragment"
    }
   },
   "outputs": [
    {
     "name": "stdout",
     "output_type": "stream",
     "text": [
      "      1 The\r\n",
      "      1 Tiger\r\n",
      "      1 \r\n",
      "      1 the\r\n",
      "      1 Brahman\r\n",
      "      1 \r\n",
      "      1 and\r\n",
      "      1 the\r\n",
      "      1 Jackal\r\n",
      "      3 \r\n",
      "      1 Once\r\n",
      "      1 upon\r\n",
      "      1 a\r\n",
      "      1 time\r\n",
      "      1 \r\n",
      "      1 a\r\n",
      "      1 tiger\r\n",
      "      1 was\r\n",
      "      1 caught\r\n",
      "      1 in\r\n",
      "      1 a\r\n",
      "      1 trap\r\n",
      "      1 \r\n",
      "      1 He\r\n",
      "      1 tried\r\n",
      "      1 in\r\n",
      "      1 vain\r\n",
      "      1 to\r\n",
      "      1 \r\n",
      "      1 get\r\n",
      "      1 out\r\n",
      "      1 through\r\n",
      "      1 the\r\n",
      "      1 bars\r\n",
      "      1 \r\n",
      "      1 and\r\n",
      "      1 rolled\r\n",
      "      1 and\r\n",
      "      1 bit\r\n",
      "      1 with\r\n",
      "      1 rage\r\n",
      "      1 and\r\n",
      "      1 grief\r\n",
      "      1 when\r\n",
      "      1 \r\n",
      "      1 he\r\n",
      "      1 failed\r\n",
      "      4 \r\n",
      "      1 By\r\n",
      "      1 chance\r\n",
      "      1 a\r\n",
      "      1 poor\r\n",
      "      1 Brahman\r\n",
      "      1 came\r\n",
      "      1 by\r\n",
      "      2 \r\n",
      "      1 Let\r\n",
      "      1 me\r\n",
      "      1 out\r\n",
      "      1 of\r\n",
      "      1 this\r\n",
      "      1 cage\r\n",
      "      1 \r\n",
      "      1 oh\r\n",
      "      1 pious\r\n",
      "      1 \r\n",
      "      1 one\r\n",
      "      2 \r\n",
      "      1 cried\r\n",
      "      1 the\r\n",
      "      1 tiger\r\n",
      "      5 \r\n",
      "      1 Nay\r\n",
      "      1 \r\n",
      "      1 my\r\n",
      "      1 friend\r\n",
      "      2 \r\n",
      "      1 replied\r\n",
      "      1 the\r\n",
      "      1 Brahman\r\n",
      "      1 mildly\r\n",
      "      2 \r\n",
      "      1 you\r\n",
      "      1 would\r\n",
      "      1 probably\r\n",
      "      1 eat\r\n",
      "      1 \r\n",
      "      1 me\r\n",
      "      1 if\r\n",
      "      1 I\r\n",
      "      1 did\r\n",
      "      6 \r\n",
      "      1 Not\r\n",
      "      1 at\r\n",
      "      1 all\r\n",
      "      2 \r\n",
      "      1 swore\r\n",
      "      1 the\r\n",
      "      1 tiger\r\n",
      "      1 with\r\n",
      "      1 many\r\n",
      "      1 oaths\r\n",
      "      2 \r\n",
      "      1 on\r\n",
      "      1 the\r\n",
      "      1 contrary\r\n",
      "      1 \r\n",
      "      1 I\r\n",
      "      1 \r\n",
      "      1 should\r\n",
      "      1 be\r\n",
      "      1 for\r\n",
      "      1 ever\r\n",
      "      1 grateful\r\n",
      "      1 \r\n",
      "      1 and\r\n",
      "      1 serve\r\n",
      "      1 you\r\n",
      "      1 as\r\n",
      "      1 a\r\n",
      "      1 slave\r\n",
      "      5 \r\n",
      "      1 Now\r\n",
      "      1 when\r\n",
      "      1 the\r\n",
      "      1 tiger\r\n",
      "      1 sobbed\r\n",
      "      1 and\r\n",
      "      1 sighed\r\n",
      "      1 and\r\n",
      "      1 wept\r\n",
      "      1 and\r\n",
      "      1 swore\r\n",
      "      1 \r\n",
      "      1 the\r\n",
      "      1 pious\r\n",
      "      1 \r\n",
      "      1 Brahman's\r\n",
      "      1 heart\r\n",
      "      1 softened\r\n",
      "      1 \r\n",
      "      1 and\r\n",
      "      1 at\r\n",
      "      1 last\r\n",
      "      1 he\r\n",
      "      1 consented\r\n",
      "      1 to\r\n",
      "      1 open\r\n",
      "      1 the\r\n",
      "      1 door\r\n",
      "      1 of\r\n",
      "      1 \r\n",
      "      1 the\r\n",
      "      1 cage\r\n",
      "      1 \r\n",
      "      1 Out\r\n",
      "      1 popped\r\n",
      "      1 the\r\n",
      "      1 tiger\r\n",
      "      1 \r\n",
      "      1 and\r\n",
      "      1 \r\n",
      "      1 seizing\r\n",
      "      1 the\r\n",
      "      1 poor\r\n",
      "      1 man\r\n",
      "      1 \r\n",
      "      1 cried\r\n",
      "      3 \r\n",
      "      1 What\r\n",
      "      1 a\r\n",
      "      1 fool\r\n",
      "      1 you\r\n",
      "      1 are\r\n",
      "      1 \r\n",
      "      1 What\r\n",
      "      1 is\r\n",
      "      1 to\r\n",
      "      1 prevent\r\n",
      "      1 my\r\n",
      "      1 eating\r\n",
      "      1 you\r\n",
      "      1 now\r\n",
      "      1 \r\n",
      "      1 for\r\n",
      "      1 after\r\n",
      "      1 \r\n",
      "      1 being\r\n",
      "      1 cooped\r\n",
      "      1 up\r\n",
      "      1 so\r\n",
      "      1 long\r\n",
      "      1 I\r\n",
      "      1 am\r\n",
      "      1 just\r\n",
      "      1 terribly\r\n",
      "      1 hungry\r\n",
      "      5 \r\n",
      "      1 In\r\n",
      "      1 vain\r\n",
      "      1 the\r\n",
      "      1 Brahman\r\n",
      "      1 pleaded\r\n",
      "      1 for\r\n",
      "      1 his\r\n",
      "      1 life\r\n",
      "      1 \r\n",
      "      1 the\r\n",
      "      1 most\r\n",
      "      1 he\r\n",
      "      1 could\r\n",
      "      1 gain\r\n",
      "      1 was\r\n",
      "      1 a\r\n",
      "      1 \r\n",
      "      1 promise\r\n",
      "      1 to\r\n",
      "      1 abide\r\n",
      "      1 by\r\n",
      "      1 the\r\n",
      "      1 decision\r\n",
      "      1 of\r\n",
      "      1 the\r\n",
      "      1 first\r\n",
      "      1 three\r\n",
      "      1 things\r\n",
      "      1 he\r\n",
      "      1 chose\r\n",
      "      1 to\r\n",
      "      1 \r\n",
      "      1 question\r\n",
      "      1 as\r\n",
      "      1 to\r\n",
      "      1 the\r\n",
      "      1 justice\r\n",
      "      1 of\r\n",
      "      1 the\r\n",
      "      1 tiger's\r\n",
      "      1 action\r\n",
      "      4 \r\n",
      "      1 So\r\n",
      "      1 the\r\n",
      "      1 Brahman\r\n",
      "      1 first\r\n",
      "      1 asked\r\n",
      "      1 a\r\n",
      "      1 _pipal_\r\n",
      "      1 tree\r\n",
      "      1 what\r\n",
      "      1 it\r\n",
      "      1 thought\r\n",
      "      1 of\r\n",
      "      1 the\r\n",
      "      1 \r\n",
      "      1 matter\r\n",
      "      1 \r\n",
      "      1 but\r\n",
      "      1 the\r\n",
      "      1 _pipal_\r\n",
      "      1 tree\r\n",
      "      1 replied\r\n",
      "      1 coldly\r\n",
      "      2 \r\n",
      "      1 What\r\n",
      "      1 have\r\n",
      "      1 you\r\n",
      "      1 to\r\n",
      "      1 \r\n",
      "      1 complain\r\n",
      "      1 about\r\n",
      "      1 \r\n",
      "      1 Don't\r\n",
      "      1 I\r\n",
      "      1 give\r\n",
      "      1 shade\r\n",
      "      1 and\r\n",
      "      1 shelter\r\n",
      "      1 to\r\n",
      "      1 every\r\n",
      "      1 one\r\n",
      "      1 who\r\n",
      "      1 passes\r\n",
      "      1 \r\n",
      "      1 by\r\n",
      "      1 \r\n",
      "      1 and\r\n",
      "      1 don't\r\n",
      "      1 they\r\n",
      "      1 in\r\n",
      "      1 return\r\n",
      "      1 tear\r\n",
      "      1 down\r\n",
      "      1 my\r\n",
      "      1 branches\r\n",
      "      1 to\r\n",
      "      1 feed\r\n",
      "      1 their\r\n",
      "      1 \r\n",
      "      1 cattle\r\n",
      "      1 \r\n",
      "      1 Don't\r\n",
      "      1 whimper\r\n",
      "      1 \r\n",
      "      1 be\r\n",
      "      1 a\r\n",
      "      1 man\r\n",
      "      5 \r\n",
      "      1 Then\r\n",
      "      1 the\r\n",
      "      1 Brahman\r\n",
      "      1 \r\n",
      "      1 sad\r\n",
      "      1 at\r\n",
      "      1 heart\r\n",
      "      1 \r\n",
      "      1 went\r\n",
      "      1 further\r\n",
      "      1 afield\r\n",
      "      1 till\r\n",
      "      1 he\r\n",
      "      1 saw\r\n",
      "      1 a\r\n",
      "      1 \r\n",
      "      1 buffalo\r\n",
      "      1 turning\r\n",
      "      1 a\r\n",
      "      1 well\r\n",
      "      1 wheel\r\n",
      "      1 \r\n",
      "      1 but\r\n",
      "      1 he\r\n",
      "      1 fared\r\n",
      "      1 no\r\n",
      "      1 better\r\n",
      "      1 from\r\n",
      "      1 it\r\n",
      "      1 \r\n",
      "      1 for\r\n",
      "      1 it\r\n",
      "      1 \r\n",
      "      1 answered\r\n",
      "      2 \r\n",
      "      1 You\r\n",
      "      1 are\r\n",
      "      1 a\r\n",
      "      1 fool\r\n",
      "      1 to\r\n",
      "      1 expect\r\n",
      "      1 gratitude\r\n",
      "      1 \r\n",
      "      1 Look\r\n",
      "      1 at\r\n",
      "      1 me\r\n",
      "      1 \r\n",
      "      1 Whilst\r\n",
      "      1 I\r\n",
      "      1 \r\n",
      "      1 gave\r\n",
      "      1 milk\r\n",
      "      1 they\r\n",
      "      1 fed\r\n",
      "      1 me\r\n",
      "      1 on\r\n",
      "      1 cotton\r\n",
      "      1 seed\r\n",
      "      1 and\r\n",
      "      1 oil\r\n",
      "      1 cake\r\n",
      "      1 \r\n",
      "      1 but\r\n",
      "      1 now\r\n",
      "      1 I\r\n",
      "      1 am\r\n",
      "      1 dry\r\n",
      "      1 \r\n",
      "      1 they\r\n",
      "      1 yoke\r\n",
      "      1 me\r\n",
      "      1 here\r\n",
      "      1 \r\n",
      "      1 and\r\n",
      "      1 give\r\n",
      "      1 me\r\n",
      "      1 refuse\r\n",
      "      1 as\r\n",
      "      1 fodder\r\n",
      "      5 \r\n",
      "      1 The\r\n",
      "      1 Brahman\r\n",
      "      1 \r\n",
      "      1 still\r\n",
      "      1 more\r\n",
      "      1 sad\r\n",
      "      1 \r\n",
      "      1 asked\r\n",
      "      1 the\r\n",
      "      1 road\r\n",
      "      1 to\r\n",
      "      1 give\r\n",
      "      1 him\r\n",
      "      1 its\r\n",
      "      1 opinion\r\n",
      "      5 \r\n",
      "      1 My\r\n",
      "      1 dear\r\n",
      "      1 sir\r\n",
      "      2 \r\n",
      "      1 said\r\n",
      "      1 the\r\n",
      "      1 road\r\n",
      "      2 \r\n",
      "      1 how\r\n",
      "      1 foolish\r\n",
      "      1 you\r\n",
      "      1 are\r\n",
      "      1 to\r\n",
      "      1 expect\r\n",
      "      1 anything\r\n",
      "      1 \r\n",
      "      1 else\r\n",
      "      1 \r\n",
      "      1 Here\r\n",
      "      1 am\r\n",
      "      1 I\r\n",
      "      1 \r\n",
      "      1 useful\r\n",
      "      1 to\r\n",
      "      1 everybody\r\n",
      "      1 \r\n",
      "      1 yet\r\n",
      "      1 all\r\n",
      "      1 \r\n",
      "      1 rich\r\n",
      "      1 and\r\n",
      "      1 poor\r\n",
      "      1 \r\n",
      "      1 great\r\n",
      "      1 \r\n",
      "      1 and\r\n",
      "      1 small\r\n",
      "      1 \r\n",
      "      1 trample\r\n",
      "      1 on\r\n",
      "      1 me\r\n",
      "      1 as\r\n",
      "      1 they\r\n",
      "      1 go\r\n",
      "      1 past\r\n",
      "      1 \r\n",
      "      1 giving\r\n",
      "      1 me\r\n",
      "      1 nothing\r\n",
      "      1 but\r\n",
      "      1 the\r\n",
      "      1 \r\n",
      "      1 ashes\r\n",
      "      1 of\r\n",
      "      1 their\r\n",
      "      1 pipes\r\n",
      "      1 and\r\n",
      "      1 the\r\n",
      "      1 husks\r\n",
      "      1 of\r\n",
      "      1 their\r\n",
      "      1 grain\r\n",
      "      5 \r\n",
      "      1 On\r\n",
      "      1 this\r\n",
      "      1 the\r\n",
      "      1 Brahman\r\n",
      "      1 turned\r\n",
      "      1 back\r\n",
      "      1 sorrowfully\r\n",
      "      1 \r\n",
      "      1 and\r\n",
      "      1 on\r\n",
      "      1 the\r\n",
      "      1 way\r\n",
      "      1 he\r\n",
      "      1 met\r\n",
      "      1 a\r\n",
      "      1 \r\n",
      "      1 jackal\r\n",
      "      1 \r\n",
      "      1 who\r\n",
      "      1 called\r\n",
      "      1 out\r\n",
      "      2 \r\n",
      "      1 Why\r\n",
      "      1 \r\n",
      "      1 what's\r\n",
      "      1 the\r\n",
      "      1 matter\r\n",
      "      1 \r\n",
      "      1 Mr\r\n",
      "      1 \r\n",
      "      1 Brahman\r\n",
      "      1 \r\n",
      "      1 You\r\n",
      "      1 look\r\n",
      "      1 \r\n",
      "      1 as\r\n",
      "      1 miserable\r\n",
      "      1 as\r\n",
      "      1 a\r\n",
      "      1 fish\r\n",
      "      1 out\r\n",
      "      1 of\r\n",
      "      1 water\r\n",
      "      5 \r\n",
      "      1 The\r\n",
      "      1 Brahman\r\n",
      "      1 told\r\n",
      "      1 him\r\n",
      "      1 all\r\n",
      "      1 that\r\n",
      "      1 had\r\n",
      "      1 occurred\r\n",
      "      2 \r\n",
      "      1 How\r\n",
      "      1 very\r\n",
      "      1 confusing\r\n",
      "      2 \r\n",
      "      1 said\r\n",
      "      1 \r\n",
      "      1 the\r\n",
      "      1 jackal\r\n",
      "      1 \r\n",
      "      1 when\r\n",
      "      1 the\r\n",
      "      1 recital\r\n",
      "      1 was\r\n",
      "      1 ended\r\n",
      "      2 \r\n",
      "      1 would\r\n",
      "      1 you\r\n",
      "      1 mind\r\n",
      "      1 telling\r\n",
      "      1 me\r\n",
      "      1 \r\n",
      "      1 over\r\n",
      "      1 again\r\n",
      "      1 \r\n",
      "      1 for\r\n",
      "      1 everything\r\n",
      "      1 has\r\n",
      "      1 got\r\n",
      "      1 so\r\n",
      "      1 mixed\r\n",
      "      1 up\r\n",
      "      5 \r\n",
      "      1 The\r\n",
      "      1 Brahman\r\n",
      "      1 told\r\n",
